#Parameters = {Screw_L=1.5e-08}
#"Frequency / Hz"	"Z5,5 [SPara1] [Magnitude / Ohm]"
#--------------------------------------------------
9000.0000000000	353.75910849858
9105.1743636694	360.99793579153
9211.5777992026	368.46877168254
9319.2246695829	376.23109828487
9428.1295056402	384.21110366819
9538.3070080123	392.55773017649
9649.7720491291	401.15932429462
9762.5396752205	410.13166797365
9876.6251083470	419.48216653806
9992.0437484550	429.22225677406
10108.811175455	439.27667084072
10226.943151325	449.77229617867
10346.455622239	460.73903109414
10467.364720717	472.19750814589
10589.686767806	484.11761034409
10713.438275280	496.62012325106
10838.635947870	509.69242233839
10965.296685521	523.37300184232
11093.437585671	537.71155620345
11223.075945558	552.79906483986
11354.229264556	568.64453717814
11486.915246540	585.34474890914
11621.151802271	602.83875733706
11756.957051817	621.42683875906
11894.349326996	641.01214685044
12033.347173855	661.71586898117
12173.969355169	683.62537416984
12316.234852976	706.94427477805
12460.162871138	731.68388017334
12605.772837937	758.01025598983
12753.084408692	786.12902296918
12902.117468415	816.06545283460
13052.892134496	848.15010995061
13205.428759417	882.48390298820
13359.747933501	919.38627823374
13515.870487689	958.94944826767
13673.817496353	1001.5871548214
13833.610280143	1047.5421177528
13995.270408862	1097.1075728958
14158.819704376	1150.5921688820
14324.280243567	1208.3827488987
14491.674361305	1270.7628351548
14661.024653467	1337.9607890816
14832.353979986	1410.2075290600
15005.685467937	1487.6031289865
15181.042514661	1569.9221112414
15358.448790919	1656.5131409948
15537.928244089	1746.4272901371
15719.505101402	1837.8286716908
15903.203873206	1927.8660402176
16089.049356280	2013.0379270997
16277.066637180	2088.7037990788
16467.281095621	2149.5585288063
16659.718407909	2191.1077341821
16854.404550405	2209.0267569412
17051.365803030	2201.7284985257
17250.628752810	2169.7573134481
17452.220297474	2116.4206673949
17656.167649075	2046.2004604979
17862.498337667	1964.2302276238
18071.240215024	1875.4923726545
18282.421458394	1784.0495473111
18496.070574308	1692.8432436174
18712.216402423	1604.3569710361
18930.888119420	1519.7968247923
19152.115242938	1440.0027894149
19375.927635560	1365.3342632647
19602.355508846	1295.6800872317
19831.429427409	1231.0540322784
20063.180313040	1171.1867414932
20297.639448886	1115.7406425773
20534.838483666	1064.3907023799
20774.809435952	1016.8168259341
21017.584698484	972.69561852325
21263.197042543	931.72702552842
21511.679622379	893.63507429887
21763.065979684	858.15579258877
22017.390048118	825.06573623479
22274.686157893	794.16417013015
22534.989040403	765.23499447183
22798.333832917	738.11953546946
23064.756083317	712.65885907317
23334.291754901	688.71640456741
23606.977231234	666.17092958974
23882.849321062	644.90658442418
24161.945263280	624.81902961779
24444.302731955	605.81869177108
24729.959841419	587.82089808569
25018.955151407	570.75234404268
25311.327672265	554.54272659051
25607.116870216	539.13018606175
25906.362672687	524.45896126188
26209.105473697	510.47546763277
26515.386139313	497.13466766416
26825.246013163	484.39388109986
27138.726922019	472.21143149782
27455.871181444	460.55319836637
27776.721601499	449.38672674939
28101.321492528	438.67883062101
28429.714671000	428.40470669848
28761.945465425	418.53637129152
29098.058722339	409.05025778502
29438.099812354	399.92543509870
29782.114636288	391.14122812109
30130.149631355	382.67771397054
30482.251777437	374.51762063972
30838.468603426	366.64527768205
31198.848193638	359.04457140498
31563.439194303	351.70288527479
31932.290820134	344.60494903773
32305.452860969	337.73956067858
32682.975688492	331.09543389035
33064.910263032	324.66228812115
33451.308140444	318.42987220748
33842.221479064	312.38760902328
34237.703046755	306.52713630704
34637.806228027	300.84098070521
35042.585031242	295.31953684845
35452.094095908	289.95783734252
35866.388700051	284.74747691306
36285.524767678	279.68235159744
36709.558876329	274.75580739990
37138.548264707	269.96282382130
37572.550840412	265.29716403909
38011.625187754	260.75496429683
38455.830575661	256.32993950522
38905.226965680	252.01753623138
39359.875020073	247.81419709728
39819.836110000	243.71525021796
40285.172323810	239.71694953284
40755.946475418	235.81530128795
41232.222112784	232.00665057441
41714.063526494	228.28820982761
42201.535758435	224.65666576687
42694.704610575	221.10802969045
43193.636653850	217.64018210271
43698.399237143	214.25110078348
44209.060496381	210.93614282469
44725.689363729	207.69477478038
45248.355576896	204.52333969617
45777.129688551	201.41982102764
46312.083075840	198.38281012840
46853.287950030	195.40822283188
47400.817366248	192.49584090581
47954.745233349	189.64362324700
48515.146323888	186.84920951603
49082.096284215	184.11078966819
49655.671644687	181.42681631213
50235.949830000	178.79690432884
50823.009169633	176.21672881489
51416.928908431	173.68718297237
52017.789217295	171.20548099251
52625.671204009	168.77101567256
53240.656924182	166.38290492943
53862.829392331	164.03867394240
54492.272593084	161.73789605454
55129.071492515	159.47923058161
55773.312049616	157.26151208640
56425.081227900	155.08368618275
57084.467007138	152.94471541189
57751.558395236	150.84364315275
58426.445440252	148.77916502360
59109.219242546	146.75057433245
59799.971967083	144.75717187480
60498.796855870	142.79813499454
61205.788240546	140.87207146962
61921.041555111	138.97838691908
62644.653348812	137.11663592002
63376.721299173	135.28585573062
64117.344225184	133.48532974825
64866.622100635	131.71409931504
65624.656067615	129.97183886847
66391.548450164	128.25784845816
67167.402768083	126.57147396246
67952.323750912	124.91183979285
68746.417352063	123.27867128235
69549.790763125	121.67106797986
70362.552428331	120.08944618866
71184.812059199	118.53168995490
72016.680649338	116.99798431768
72858.270489436	115.48813447692
73709.695182412	114.00136655498
74571.069658754	112.53734728330
75442.510192033	111.09489566447
76324.134414596	109.67487185351
77216.061333449	108.27580577467
78118.411346316	106.89772760346
79031.306257896	105.53974689480
79954.869296300	104.20179911728
80889.225129690	102.88392396931
81834.499883105	101.58494616008
82790.821155484	100.30493052377
83758.318036895	99.043516004652
84737.121125956	97.799779516759
85727.362547468	96.574340094403
86729.175970244	95.366373287008
87742.696625160	94.175466555652
88768.061323404	93.001428528818
89805.408474944	91.843359328846
90854.878107213	90.702103428764
91916.611884012	89.576760498651
92990.753124629	88.467472524179
94077.446823187	87.372677765129
95176.839668218	86.293335482889
96289.080062459	85.229046790754
97414.318142891	84.179340839092
98552.705800999	83.144259877444
99704.396703279	82.122560604979
100869.54631198	81.114950006522
102048.31190609	80.120817685641
103240.85260256	79.140634111451
104447.32937780	78.173186671993
105667.90508939	77.218641482553
106902.74449806	76.277135355818
108152.01428996	75.348313177267
109415.88309913	74.430989843060
110694.52153028	73.526867616236
111988.10218179	72.633728762145
113296.79966907	71.752541118945
114620.79064807	70.883033948690
115960.25383915	70.025159390299
117315.37005120	69.177962946116
118686.32220606	68.342108698899
120073.29536321	67.517313187740
121476.47674471	66.702911120253
122896.05576053	65.898992242726
124332.22403410	65.105649885875
125785.17542814	64.322033341312
127255.10607089	63.549135298431
128742.21438252	62.785515693826
130246.70110197	62.031846687024
131768.76931402	61.287790816407
133308.62447670	60.553208377882
134866.47444903	59.828370605297
136442.52951909	59.111909489550
138037.00243238	58.404529495229
139650.10842057	57.706493411360
141282.06523051	57.017387131263
142933.09315368	56.336501119751
144603.41505587	55.664202885235
146293.25640731	55.000413347148
148002.84531306	54.344951290059
149732.41254385	53.697776260324
151482.19156718	53.058437580148
153252.41857888	52.427341161531
155043.33253498	51.804288257140
156855.17518393	51.188321928616
158688.19109929	50.580218220708
160542.62771270	49.978899382258
162418.73534731	49.385636036624
164316.76725155	48.799564514340
166236.97963332	48.220743574521
168179.63169457	47.649118150407
170144.98566631	47.084384850904
172133.30684397	46.526797143412
174144.86362326	45.975125387444
176179.92753636	45.431181497905
178238.77328858	44.893897360646
180321.67879545	44.362871164602
182428.92522024	43.838174484679
184560.79701190	43.320410715130
186717.58194346	42.807909884820
188899.57115089	42.302060139521
191107.05917236	41.803285651278
193340.34398804	41.308964234130
195599.72706033	40.821350494246
197885.51337449	40.338881691342
200198.01147989	39.863106473437
202537.53353159	39.392679113660
204904.39533252	38.928510275304
207298.91637609	38.468953201333
209721.41988934	38.015395242698
212172.23287653	37.566899146445
214651.68616332	37.124327617032
217160.11444141	36.686610197165
219697.85631371	36.255146555621
222265.25434008	35.827788301933
224862.65508353	35.405478667886
227490.40915703	34.989162226139
230148.87127080	34.576950452028
232838.40028026	34.169617809826
235559.35923441	33.767369394726
238312.11542484	33.370064658209
241097.04043534	32.976947144136
243914.51019205	32.588341297791
246764.90501418	32.205424108754
249648.60966538	31.826085169813
252566.01340566	31.451870921007
255517.51004393	31.081567977912
258503.49799119	30.716045757821
261524.38031425	30.354140274603
264580.56479020	29.996539842506
267672.46396144	29.644270566202
270800.49519132	29.294876721925
273965.08072056	28.950151403497
277166.64772416	28.608858043119
280405.62836914	28.272687154366
283682.45987281	27.939807257105
286997.58456184	27.611382304914
290351.44993195	27.285028440575
293744.50870829	26.964446766876
297177.21890660	26.646311284379
300650.04389500	26.332612564171
304163.45245654	26.022573266088
307717.91885249	25.715945440968
311313.92288638	25.411770748941
314951.94996872	25.113302463285
318632.49118254	24.816615711469
322356.04334971	24.523662271885
326123.10909797	24.234345192049
329934.19692877	23.948548030905
333789.82128597	23.665347349584
337690.50262520	23.385843856193
341636.76748418	23.109221454977
345629.14855376	22.834580484433
349668.18474985	22.566536049546
353754.42128613	22.297714181925
357888.40974768	22.032816422387
362070.70816545	21.774611040986
366301.88109152	21.513889199973
370582.49967538	21.259609007183
374913.14174098	21.006848851520
379294.39186475	20.760441344973
383726.84145450	20.513872890997
388211.08882926	20.272474522124
392747.73930004	20.032039497390
397337.40525154	19.800390499679
401980.70622481	19.570047143771
406678.26900087	19.347017411261
411430.72768535	19.122986362432
416238.72379406	18.902410017222
421102.90633957	18.684462469023
426023.93191887	18.465855171353
431002.46480192	18.248787321469
436039.17702142	18.033189917985
441134.74846344	17.819318369128
446289.86695923	17.607789268278
451505.22837807	17.397942459166
456781.53672119	17.190252224319
462119.50421682	16.985233845563
467519.85141629	16.782577639373
472983.30729135	16.582190203004
478510.60933253	16.384042776166
484102.50364871	16.188258873722
489759.74506782	15.994682364052
495483.09723876	15.803364560303
501273.33273443	15.614264645583
507131.23315608	15.427312694398
513057.58923875	15.242520433083
519053.20095808	15.059815904304
525118.87763823	14.879236507473
531255.43806117	14.700697095620
537463.71057717	14.524198303289
543744.53321665	14.349724784370
550098.75380330	14.177207672143
556527.23006848	14.006626231607
563030.82976705	13.838003840059
569610.43079450	13.671270482051
576266.92130542	13.506423064234
583001.19983342	13.343407507281
589814.17541242	13.182258650493
596706.76769934	13.022929365788
603679.90709823	12.865297100898
610734.53488590	12.709456612505
617871.60333897	12.555396324764
625092.07586237	12.403004456813
632396.92711944	12.252373700991
639787.14316347	12.103381971905
647263.72157081	11.956063708491
654827.67157554	11.810349646568
662480.01420566	11.666218458974
670221.78242097	11.523644112820
678054.02125247	11.382782989512
685977.78794345	11.243441021610
693994.15209215	11.105498847844
702104.19579621	10.969259956776
710309.01379872	10.834343965706
718609.71363593	10.700967593887
727007.41578686	10.569073166230
735503.25382445	10.438576452308
744098.37456865	10.309500969918
752793.93824118	10.181817338826
761591.11862214	10.055597856490
770491.10320852	9.9307822486152
779495.09337440	9.8072160085105
788604.30453319	9.6849637930783
797819.96630166	9.5641187253490
807143.32266595	9.4444676812853
816575.63214944	9.3262505623051
826118.16798269	9.2092334192963
835772.21827529	9.0933447123568
845539.08618970	8.9787090412193
855420.09011721	8.8653135658188
865416.56385589	8.7533806387168
875529.85679062	8.6422828114026
885761.33407523	8.5325676645888
896112.37681683	8.4238677331770
906584.38226217	8.3164527025187
917178.76398629	8.2100579952688
927896.95208333	8.1048512054996
938740.39335957	8.0006958896129
949710.55152872	7.8976907054821
960808.90740952	7.7956661860021
972036.95912560	7.6946971233235
983396.22230774	7.5949643859211
994888.23029842	7.4960160120480
1006514.5343588	7.3982319383308
1018276.7038783	7.3014195916749
1030176.3265861	7.2055613145161
1042215.0087656	7.1107327915047
1054394.3754716	7.0168644074863
1066716.0707490	6.9241062532720
1079181.7578554	6.8319760932033
1091793.1194849	6.7408730997788
1104551.8579961	6.6506245725894
1117459.6956410	6.5615169362583
1130518.3747983	6.4731842633779
1143729.6582079	6.3857430924499
1157095.3292092	6.2991225884500
1170617.1919819	6.2133609258627
1184297.0717894	6.1282934645931
1198136.8152250	6.0444131029503
1212138.2904617	5.9610592377649
1226303.3875038	5.8785823718662
1240634.0184423	5.7968444843159
1255132.1177130	5.7160172709424
1269799.6423576	5.6357421557972
1284638.5722879	5.5565587732869
1299650.9105530	5.4779061524915
1314838.6836096	5.4000428386401
1330203.9415959	5.3229156614381
1345748.7586079	5.2462722014006
1361475.2329796	5.1706370963296
1377385.4875663	5.0956324369323
1393481.6700310	5.0212775924126
1409765.9531344	4.9476896468903
1426240.5350282	4.8748125002777
1442907.6395516	4.8023705901527
1459769.5165320	4.7308754920595
1476828.4420882	4.6597557240480
1494086.7189377	4.5895542227463
1511546.6767078	4.5197075269636
1529210.6722500	4.4506026941792
1547081.0899578	4.3821732113400
1565160.3420890	4.3140652049175
1583450.8690913	4.2466151417427
1601955.1399311	4.1799138722835
1620675.6524277	4.1137562163189
1639614.9335897	4.0481423825322
1658775.5399568	3.9830657756064
1678160.0579440	3.9185654562634
1697771.1041918	3.8546287809828
1717611.3259184	3.7910525910734
1737683.4012778	3.7279499069483
1757990.0397210	3.6655816960032
1778533.9823615	3.6037013365161
1799318.0023459	3.5422493884988
1820344.9052277	3.4811451744143
1841617.5293461	3.4206957411090
1863138.7462096	3.3607514588811
1884911.4608830	3.3013121231966
1906938.6123798	3.2419965463580
1929223.1740592	3.1835725633317
1951768.1540267	3.1252757709343
1974576.5955412	3.0674318267087
1997651.5774248	3.0101553995179
2020996.2144791	2.9530967653031
2044613.6579053	2.8965157233205
2068507.0957298	2.8404345226092
2092679.7532341	2.7846311252558
2117134.8933908	2.7291383642514
2141875.8173036	2.6741891134157
2166905.8646529	2.6196602099772
2192228.4141470	2.5652117640133
2217846.8839776	2.5114282132653
2243764.7322819	2.4578617267277
2269985.4576088	2.4043946147102
2296512.5993913	2.3515777321556
2323349.7384246	2.2990275848052
2350500.4973491	2.2467187717459
2377968.5411395	2.1946625292305
2405757.5775995	2.1430777906874
2433871.3578625	2.0915239474400
2462313.6768977	2.0406427727642
2491088.3740224	1.9897010605779
2520199.3334204	1.9390252725682
2549650.4846662	1.8887631808569
2579445.8032556	1.8387206828048
2609589.3111419	1.7891618725962
2640085.0772795	1.7394428915794
2670937.2181724	1.6902136682041
2702149.8984304	1.6410606528220
2733727.3313312	1.5920790535358
2765673.7793888	1.5435746820382
2797993.5549293	1.4948448363639
2830691.0206727	1.4467844645113
2863770.5903221	1.3985010517675
2897236.7291590	1.3508411319522
2931093.9546467	1.3031101009013
2965346.8370395	1.2557188398322
3000000.0000000	1.2083691076777
3035058.1212231	1.1609358704590
3070525.9330675	1.1138419030049
3106408.2231943	1.0671191793884
3142709.8352134	1.0203631908785
3179435.6693374	0.97355264950331
3216590.6830430	0.92702686701232
3254179.8917402	0.88086429368718
3292208.3694490	0.83438003107526
3330681.2494850	0.78802861205513
3369603.7251517	0.74219841811634
3408981.0504418	0.69607861497602
3448818.5407464	0.65023246878902
3489121.5735725	0.60436997598074
3529895.5892687	0.55848525355067
3571146.0917599	0.51289428759461
3612878.6492900	0.46759920858788
3655098.8951738	0.42174236224161
3697812.5285570	0.37645354008063
3741025.3151859	0.33120262587463
3784743.0881854	0.28609687477366
3828971.7488468	0.24109802378742
3873717.2674238	0.19623219636976
3918985.6839390	0.15210537014036
3964783.1089987	0.10920457211293
4011115.7246183	0.069160735166824
4057989.7850562	0.043526921349389
4105411.6176585	0.056270484422415
4153387.6237128	0.092925849130060
4201924.2793124	0.13519780978792
4251028.1362306	0.17920412732794
4300705.8228049	0.22378947625322
4350964.0448319	0.26923898020245
4401809.5864723	0.31523573447222
4453249.3111669	0.36088933225814
4505290.1625628	0.40677684012334
4557939.1654510	0.45297935829035
4611203.4267144	0.49933121503619
4665090.1362872	0.54598584000901
4719606.5681255	0.59269842815968
4774760.0811891	0.63932661542592
4830558.1204350	0.68616417418244
4887008.2178222	0.73369734635354
4944117.9933286	0.78065323739442
5001895.1559791	0.82839537036436
5060347.5048870	0.87615094670358
5119482.9303062	0.92397139486341
5179309.4146964	0.97261055117667
5239835.0338006	1.0207146210880
5301067.9577353	1.0695083185370
5363016.4520935	1.1184467596917
5425688.8790599	1.1678326777793
5489093.6985403	1.2172877044581
5553239.4693032	1.2670992866486
5618134.8501352	1.3170897794729
5683788.6010098	1.3675744063448
5750209.5842701	1.4184978386759
5817406.7658248	1.4693436490595
5885389.2163583	1.5216590161311
5954166.1125558	1.5725752544958
6023746.7383414	1.6256726692567
6094140.4861315	1.6780396763169
6165356.8581027	1.7311779358413
6237405.4674745	1.7855620054478
6310296.0398067	1.8401936207762
6384038.4143125	1.8959578932409
6458642.5451866	1.9516767390951
6534118.5029486	2.0081195228010
6610476.4758029	2.0657894055857
6687726.7710134	2.1240288137733
6765879.8162952	2.1824325824809
6844946.1612221	2.2423545486733
6924936.4786508	2.3042254761050
7005861.5661612	2.3657920580061
7087732.3475142	2.4308005155468
7170559.8741263	2.4954959771671
7254355.3265613	2.5629348816344
7339130.0160394	2.6320301767625
7424895.3859644	2.7029884060340
7511663.0134678	2.7770553172722
7599444.6109723	2.8544915220371
7688252.0277723	2.9355469961591
7778097.2516336	3.0204358821313
7868992.4104113	3.1092393390964
7960949.7736874	3.2057464352422
8053981.7544265	3.3101512261730
8148100.9106517	3.4241952486453
8243319.9471397	3.5499411066474
8339651.7171357	3.6940630252073
8437109.2240885	3.8560937560432
8535705.6234055	4.0441876516340
8635454.2242290	4.2520694249642
8736368.4912323	4.4202451739126
8838462.0464375	4.3468657904846
8941748.6710542	3.7479741661776
9046242.3073398	2.8960332996718
9151957.0604814	2.5769463905869
9258907.2004998	2.6807170614725
9367107.1641762	2.9089132977987
9476571.5570001	3.1633793047259
9587315.1551418	3.4266946751035
9699352.9074463	3.6973410958740
9812699.9374514	3.8858219377276
9927371.5454293	3.6148604361981
10043383.210452	3.1400357980652
10160750.592479	3.0966363353995
10279489.534475	3.2260509939596
10399616.064546	3.3754193349722
10521146.398101	3.5152422632380
10644096.940045	3.6410695481529
10768484.286990	3.7562606304176
10894325.229497	3.8671220450189
11021636.754344	3.9726109820760
11150436.046815	4.0731829003851
11280740.493021	4.1709215378017
11412567.682252	4.2664150419160
11545935.409342	4.3597055791850
11680861.677081	4.4520072126685
11817364.698636	4.5430282461057
11955462.900017	4.6333826987418
12095174.922559	4.7230806273974
12236519.625443	4.8123976856448
12379516.088236	4.9012418354444
12524183.613471	4.9893187523979
12670541.729251	5.0760990988921
12818610.191887	5.1611725738198
12968408.988560	5.2449456331068
13119958.340024	5.3290559248457
13273278.703333	5.4145909570612
13428390.774603	5.5002041065841
13585315.491806	5.5834040683162
13744074.037595	5.6628996780527
13904687.842165	5.7414625169433
14067178.586145	5.8229477118902
14231568.203525	5.9109122937404
14397878.884617	6.0041098264147
14566133.079048	6.1003342152869
14736353.498794	6.1983788907894
14908563.121243	6.2973397666437
15082785.192299	6.3972789384098
15259043.229517	6.4979908765273
15437361.025280	6.5991709162792
15617762.650010	6.7012425468225
15800272.455416	6.8041905904745
15984915.077783	6.9079834875053
16171715.441296	7.0127432137770
16360698.761405	7.1184569662796
16551890.548229	7.2258374543456
16745316.610000	7.3340550469963
16941003.056544	7.4436061361330
17138976.302810	7.5542851766869
17339263.072432	7.6663439387371
17541890.401336	7.7798291034862
17746885.641394	7.8947954024452
17954276.464110	8.0107167955724
18164090.864361	8.1279255334982
18376357.164172	8.2469638154422
18591104.016539	8.3675634047500
18808360.409300	8.4901035621442
19028155.669046	8.6143174886904
19250519.465079	8.7404240978383
19475481.813417	8.8680405536865
19703073.080849	8.9976588651896
19933323.989028	9.1285308259781
20166265.618623	9.2614956577265
20401929.413515	9.3964677634230
20640347.185037	9.5332448348671
20881551.116271	9.6731936362934
21125573.766391	9.8145675497130
21372448.075061	9.9579009823665
21622207.366878	10.102822984175
21874885.355872	10.248722903176
22130516.150055	10.397340520052
22389134.256028	10.549702657178
22650774.583637	10.704513871013
22915472.450688	10.862651715314
23183263.587708	11.023677361773
23454184.142777	11.187487595589
23728270.686400	11.354022999214
24005560.216446	11.524333204518
24286090.163145	11.697182029384
24569898.394137	11.873209353393
24857023.219585	12.051821374307
25147503.397344	12.233684120622
25441378.138199	12.419046103442
25738687.111150	12.606662532269
26039470.448772	12.797867920910
26343768.752632	12.993626442595
26651623.098767	13.194914142352
26963075.043230	13.401337543182
27278166.627702	13.609867533042
27596940.385161	13.823105282590
27919439.345632	14.041897925093
28245707.041985	14.264860259962
28575787.515822	14.492962990265
28909725.323415	14.726397625640
29247565.541720	14.965007150418
29589353.774468	15.209248772927
29935136.158315	15.458831730924
30284959.369071	15.715107906494
30638870.628004	15.977102323850
30996917.708210	16.246722265510
31359148.941062	16.521965502650
31725613.222739	16.804817804564
32096360.020820	17.092235959205
32471439.380964	17.385981848761
32850901.933666	17.680519698305
33234798.901093	17.983695780905
33623182.103993	18.299607201985
34016103.968697	18.629082159068
34413617.534188	18.970285431256
34815776.459268	19.320782935581
35222635.029797	19.678639986046
35634248.166021	20.043239390936
36050671.429988	20.415089914037
36471961.033044	20.799261514143
36898173.843425	21.204064941076
37329367.393930	21.628347645515
37765599.889690	22.074691022199
38206930.216023	22.534577237874
38653417.946382	23.006153343122
39105123.350400	23.484043117414
39562107.402021	23.972520019923
40024431.787735	24.478695268060
40492158.914903	25.005457890430
40965351.920178	25.559463656816
41444074.678033	26.138510850980
41928391.809381	26.749407188126
42418368.690296	27.390438031674
42914071.460840	28.071508388597
43415567.033991	28.793464255110
43922923.104674	29.559651554552
44436208.158901	30.372025397073
44955491.483011	31.231503094169
45480843.173030	32.140482042391
46012334.144127	33.110443659288
46550036.140189	34.139609649309
47094021.743504	35.244305185837
47644364.384560	36.427187053986
48201138.351958	37.705842329903
48764418.802437	39.078651846050
49334281.771021	40.590798018387
49910804.181283	42.214520459947
50494063.855727	43.959364091360
51084139.526295	45.785829697220
51681110.844992	47.792514009890
52285058.394643	50.091838059795
52896063.699762	52.792045840510
53514209.237567	55.891302860516
54139578.449104	59.449954753857
54772255.750517	63.532870352984
55412326.544439	68.310375350878
56059877.231523	74.015649576807
56714995.222102	80.984885627008
57377768.947991	89.703385938625
58048287.874421	100.84178200176
58726642.512121	115.43555041401
59412924.429527	134.77049672836
60107226.265151	161.02516558661
60809641.740081	193.20889440764
61520265.670634	230.56370266522
62239193.981155	280.87999828496
62966523.716962	308.48820975904
63702353.057452	253.51787381029
64446781.329348	180.18127911394
65199909.020110	130.68433551177
65961837.791498	98.949861492353
66732670.493297	77.255051196748
67512511.177196	61.930038598198
68301465.110839	50.300702996745
69099638.792031	41.254767842970
69907139.963113	34.011884623078
70724077.625510	28.022615660710
71550562.054440	22.956160114282
72386704.813803	18.529904143249
73232618.771238	14.723825536370
74088418.113362	11.350024360564
74954218.361178	8.3693927308922
75830136.385675	5.7236093798573
76716290.423601	3.6802065120391
77612800.093421	2.8734277896366
78519786.411469	3.8456582502612
79437371.808278	5.6030989801924
80365680.145113	7.5088646715792
81304836.730682	9.5406214956834
82254968.338059	11.603203564841
83216203.221793	13.625412912743
84188671.135220	15.693177347374
85172503.347978	17.844936500182
86167832.663729	19.975138939504
87174793.438082	22.261945983475
88193521.596734	24.574346983422
89224154.653812	26.909560315621
90266831.730441	29.500267234892
91321693.573519	32.168247480772
92388882.574720	35.018956028069
93468542.789712	38.202912245851
94560819.957603	41.545892979783
95665861.520614	45.164733212638
96783816.643983	49.240556886054
97914836.236098	53.677127392850
99059072.968867	58.871747766712
100216681.29833	64.815014618537
101387817.48551	71.590129148874
102572639.61750	79.587265878865
103771307.62879	88.734317264607
104983983.32291	98.873155312385
106210830.39418	109.62495268631
107452014.44990	120.14251930412
108707703.03266	131.54111850071
109978065.64292	143.30033265930
111263273.76199	148.39819354650
112563500.87507	146.09301586804
113878922.49473	141.13156909148
115209716.18459	136.74904862843
116556061.58328	137.39163713609
117918140.42871	147.30782783757
119296136.58256	169.91090092662
120690236.05515	204.95389711484
122100627.03051	238.09671788496
123527499.89179	238.23663527825
124971047.24699	180.46527608422
126431463.95491	173.41151106669
127908947.15150	175.05546373778
129403696.27642	139.03271951968
130915913.10001	165.99158140264
132445801.75051	132.47738055470
133993568.74160	109.17642721690
135559423.00029	93.483899937549
137143575.89512	81.621862172592
138746241.26469	72.319032422865
140367635.44652	64.707273210365
142007977.30629	58.351867490840
143667488.26731	52.842826332675
145346392.34047	47.985764590067
147044916.15448	43.591874144277
148763288.98641	39.615698137090
150501742.79269	36.301597596213
152260512.24040	34.271386151498
154039834.73894	33.191405828350
155839950.47210	31.840803376268
157661102.43045	30.204111110638
159503536.44418	28.465388851021
161367501.21624	26.678105946458
163253248.35594	24.727421310641
165161032.41292	22.498330934358
167091110.91148	20.582047297329
169043744.38536	19.741951769813
171019196.41292	19.532317524345
173017733.65269	19.946436654110
175039625.87941	23.054587947078
177085146.02039	28.904206192949
179154570.19239	31.933557813238
181248177.73888	29.930569046703
183366251.26777	26.732000532564
185509076.68949	24.259845478854
187676943.25568	22.796606430699
189870143.59817	21.769728086416
192088973.76847	20.366237106946
194333733.27781	18.844487025308
196604725.13747	17.499246283770
198902255.89978	16.267614682784
201226635.69941	15.065577233039
203578178.29530	13.916512779768
205957201.11299	12.811277742478
208364025.28746	11.762230460061
210798975.70648	10.769792376341
213262381.05449	9.9048540594870
215754573.85694	9.2346890021278
218275890.52518	8.4666894370403
220826671.40189	7.6315596655229
223407260.80699	6.7904742954864
226018007.08416	5.9936906058401
228659262.64781	5.2707120950905
231331384.03072	4.6383941854948
234034731.93207	3.9569594499099
236769671.26624	3.2245512463804
239536571.21198	2.5290633532122
242335805.26229	1.9134890422907
245167751.27482	1.4357595085406
248032791.52288	1.2049589690591
250931312.74706	1.4368181803899
253863706.20738	1.9988654183562
256830367.73617	2.7378412596732
259831697.79147	3.5857321175115
262868101.51106	4.5453718853512
265939988.76722	5.6048330621471
269047774.22198	6.7417477400494
272191877.38315	7.9579200976536
275372722.66090	9.2877635873312
278590739.42509	10.726825648341
281846362.06323	12.373699526719
285140030.03907	14.150339291460
288472187.95196	14.046147278947
291843285.59687	15.611720629671
295253778.02508	18.621761947405
298704125.60561	20.713543289388
302194794.08739	21.903051410388
305726254.66209	22.083717013604
309298984.02778	21.200926693228
312913464.45319	18.960068737137
316570183.84291	15.630505442830
320269635.80317	12.724487005758
324012319.70853	11.020752752663
327798740.76925	9.5722377691646
331629410.09947	8.8853990309888
335504844.78628	9.1962233239858
339425567.95944	10.687284649855
343392108.86202	12.943101879232
347405002.92188	15.231735331456
351464791.82386	15.784804403907
355572023.58301	15.406705242902
359727252.61845	17.523369277608
363931039.82831	22.529705676594
368183952.66536	26.223494903057
372486565.21368	22.754234166149
376839458.26610	21.355340201060
381243219.40262	20.950511720676
385698443.06973	20.160114044359
390205730.66063	18.134310010818
394765690.59645	15.538404179796
399378938.40834	15.179691123504
404046096.82057	18.478852047010
408767795.83460	23.718127839979
413544672.81410	28.797403789436
418377372.57100	32.153150880493
423266547.45254	35.356149710372
428212857.42930	41.908791568000
433216970.18432	50.354210152479
438279561.20320	20.025374594555
443401313.86530	20.246749283677
448582919.53596	28.304873303159
453825077.65987	22.470267234568
459128495.85544	18.346567911604
464493890.01034	20.485475200385
469921984.37814	22.359769910580
475413511.67605	21.181969922667
480969213.18387	22.096487658314
486589838.84401	25.204635590348
492276147.36272	29.301262908999
498028906.31256	34.737175251689
503848892.23594	41.856189139242
509736890.74999	50.923130841724
515693696.65260	63.630492724665
521720114.02968	78.781833023557
527816956.36375	71.788713339796
533985046.64370	83.870929129649
540225217.47589	47.423894720347
546538311.19658	34.948018558347
552925179.98559	40.407913209196
559386685.98134	54.955151932430
565923701.39726	73.170136546278
572537108.63947	91.980239605075
579227800.42595	101.65436942123
585996679.90700	96.117455812042
592844660.78718	78.737663238979
599772667.44864	62.456893550645
606781635.07588	42.466045267671
613872509.78204	25.464426659177
621046248.73654	15.911556605871
628303820.29433	14.686733620203
635646204.12661	20.190389186560
643074391.35305	31.546419601196
650589384.67557	52.133421392474
658192198.51372	93.061604409733
665883859.14159	96.333072337623
673665404.82637	64.197745577577
681537885.96845	44.404700473085
689502365.24326	33.031712345104
697559917.74471	27.422519719438
705711631.13028	26.164451788011
713958605.76786	21.625198361367
722301954.88430	14.440432315091
730742804.71565	11.998492011730
739282294.65921	9.8158292674962
747921577.42730	8.5033170364553
756661819.20292	10.100102506925
765504199.79710	15.259056584929
774449912.80820	22.015880410252
783500165.78303	30.353558799211
792656180.37982	42.250772551918
801919192.53317	55.429012043083
811290452.62083	85.675337140471
820771225.63255	91.465363839596
830362791.34079	62.580496505046
840066444.47346	41.941867013609
849883494.88874	29.007509705402
859815267.75186	21.596087459992
869863103.71398	15.544784139318
880028359.09316	10.908510461789
890312406.05746	8.0328586586571
900716632.81014	10.644851374450
911242443.77706	9.7273011150920
921891259.79626	14.320946561597
932664518.30976	14.532760608051
943563673.55757	18.114142155888
954590196.77402	14.672940191885
965745576.38633	12.107586214089
977031318.21555	9.0569791474865
988448945.67982	8.9373441308616
1000000000.0000	9.5744320980722
#Parameters = {Screw_L=1.5e-08}
#"Frequency / Hz"	"Z8,8 [SPara1] [Magnitude / Ohm]"
#--------------------------------------------------
9000.0000000000	12.271933525847
9105.1743636694	12.484287745502
9211.5777992026	12.763926119062
9319.2246695829	12.630992072259
9428.1295056402	12.522414412256
9538.3070080123	12.857335554315
9649.7720491291	13.179802112265
9762.5396752205	13.162506354209
9876.6251083470	13.163377374347
9992.0437484550	13.260754372524
10108.811175455	13.752449175277
10226.943151325	13.998638237770
10346.455622239	13.974342564772
10467.364720717	13.970600033130
10589.686767806	14.343341110412
10713.438275280	14.727462569044
10838.635947870	14.789232297551
10965.296685521	14.667090103995
11093.437585671	14.980442287245
11223.075945558	15.476830932303
11354.229264556	15.621023798685
11486.915246540	15.538476599150
11621.151802271	15.922190531930
11756.957051817	16.411458733412
11894.349326996	16.451762477029
12033.347173855	16.407592272652
12173.969355169	16.906564556699
12316.234852976	17.416224739352
12460.162871138	17.291518554566
12605.772837937	17.511523693645
12753.084408692	18.019926903965
12902.117468415	18.222487564494
13052.892134496	18.074964070721
13205.428759417	18.650852035704
13359.747933501	19.076347642452
13515.870487689	18.932334595119
13673.817496353	19.202434070620
13833.610280143	19.723091307915
13995.270408862	19.623144652992
14158.819704376	19.782471962803
14324.280243567	20.586751223496
14491.674361305	20.359301518057
14661.024653467	20.532695221688
14832.353979986	21.034283848673
15005.685467937	21.024962904031
15181.042514661	21.172204214447
15358.448790919	21.928141560047
15537.928244089	21.674178717294
15719.505101402	21.867063491844
15903.203873206	22.428717243507
16089.049356280	22.142101498308
16277.066637180	22.850520756040
16467.281095621	23.048407249641
16659.718407909	22.990609838188
16854.404550405	23.554106465010
17051.365803030	23.636058546445
17250.628752810	24.145627178763
17452.220297474	24.667419719771
17656.167649075	24.678371290142
17862.498337667	25.329250957625
18071.240215024	25.421204938042
18282.421458394	25.862027282484
18496.070574308	26.045092222920
18712.216402423	26.433804905509
18930.888119420	27.171002192363
19152.115242938	26.868582939971
19375.927635560	27.835696165504
19602.355508846	27.461995825674
19831.429427409	27.773929146041
20063.180313040	27.912064865495
20297.639448886	28.343187210386
20534.838483666	28.484006288887
20774.809435952	28.619793168106
21017.584698484	29.469024083663
21263.197042543	29.652634579097
21511.679622379	30.184503334228
21763.065979684	30.352108197825
22017.390048118	31.018422025691
22274.686157893	31.387055897795
22534.989040403	31.810815756008
22798.333832917	32.101908031762
23064.756083317	32.428272988016
23334.291754901	33.274412763261
23606.977231234	33.214651710739
23882.849321062	33.883828810610
24161.945263280	33.687208504048
24444.302731955	34.553931762990
24729.959841419	34.530259024380
25018.955151407	34.947984879331
25311.327672265	35.587321546358
25607.116870216	35.692076740236
25906.362672687	36.475534858878
26209.105473697	36.660962411275
26515.386139313	37.342473057768
26825.246013163	38.034496518409
27138.726922019	38.111952901498
27455.871181444	38.944709798262
27776.721601499	39.259158963630
28101.321492528	39.313826957083
28429.714671000	40.116171577767
28761.945465425	40.198925523099
29098.058722339	40.377033893766
29438.099812354	41.244296488660
29782.114636288	41.654735929440
30130.149631355	41.937005399409
30482.251777437	42.902489305716
30838.468603426	43.562498385236
31198.848193638	43.772842801423
31563.439194303	44.394946233340
31932.290820134	45.187023763602
32305.452860969	45.607301273898
32682.975688492	45.735119097561
33064.910263032	46.262512064528
33451.308140444	47.027933439858
33842.221479064	47.462903001632
34237.703046755	47.711175990413
34637.806228027	48.324568384543
35042.585031242	49.144032674411
35452.094095908	50.173158440263
35866.388700051	50.728664787956
36285.524767678	51.171781757226
36709.558876329	51.524542670014
37138.548264707	51.898558356216
37572.550840412	52.469455805657
38011.625187754	53.186909221819
38455.830575661	53.877920308627
38905.226965680	54.670559671300
39359.875020073	55.429963790357
39819.836110000	56.070944831745
40285.172323810	56.738360194623
40755.946475418	57.314277275516
41232.222112784	57.882920060473
41714.063526494	58.433600223354
42201.535758435	58.948666014539
42694.704610575	59.555047372784
43193.636653850	60.258318443792
43698.399237143	61.177541384937
44209.060496381	62.048103586369
44725.689363729	62.961561278592
45248.355576896	63.656756402253
45777.129688551	64.380116910666
46312.083075840	65.056581555952
46853.287950030	65.803623366890
47400.817366248	66.733502720351
47954.745233349	67.614581782807
48515.146323888	68.453241121335
49082.096284215	69.181951983937
49655.671644687	69.923301846599
50235.949830000	70.666968227317
50823.009169633	71.594759236720
51416.928908431	72.483074721626
52017.789217295	73.241703644231
52625.671204009	74.049308891778
53240.656924182	75.301935487078
53862.829392331	76.377217924136
54492.272593084	76.997737247666
55129.071492515	77.404060786126
55773.312049616	78.538182339714
56425.081227900	80.028551442845
57084.467007138	80.735330467979
57751.558395236	81.993641860088
58426.445440252	83.127017170160
59109.219242546	83.403756249453
59799.971967083	84.728750768239
60498.796855870	85.785980274308
61205.788240546	87.008524541975
61921.041555111	88.488064295389
62644.653348812	88.996760519726
63376.721299173	90.271222100966
64117.344225184	90.913045116050
64866.622100635	92.717255178688
65624.656067615	93.634916868215
66391.548450164	95.302215806806
67167.402768083	95.809165040181
67952.323750912	96.915909088750
68746.417352063	98.417992578665
69549.790763125	99.426793194596
70362.552428331	101.30371584574
71184.812059199	103.47305315831
72016.680649338	102.96309524677
72858.270489436	104.55659469294
73709.695182412	106.40157996904
74571.069658754	107.26953755779
75442.510192033	108.50908062822
76324.134414596	109.80670341243
77216.061333449	111.37267601132
78118.411346316	112.95796861193
79031.306257896	113.87658792234
79954.869296300	114.95419539344
80889.225129690	116.49833518771
81834.499883105	118.68783813670
82790.821155484	120.45699266913
83758.318036895	121.43515852562
84737.121125956	122.72750438659
85727.362547468	124.52409759510
86729.175970244	126.44261233403
87742.696625160	127.28735172710
88768.061323404	128.68248063523
89805.408474944	130.51492010617
90854.878107213	132.29523103166
91916.611884012	133.61124552615
92990.753124629	134.45049493057
94077.446823187	136.83298760589
95176.839668218	138.87721545939
96289.080062459	140.12285669816
97414.318142891	141.69469173574
98552.705800999	143.89039552378
99704.396703279	145.90254390392
100869.54631198	146.99407129074
102048.31190609	149.73177796735
103240.85260256	150.80380470843
104447.32937780	152.89068306271
105667.90508939	154.79739617890
106902.74449806	157.20243043922
108152.01428996	158.56536444603
109415.88309913	160.89804343345
110694.52153028	163.03083572414
111988.10218179	165.10575157111
113296.79966907	166.58058541362
114620.79064807	169.59177677122
115960.25383915	171.37559086346
117315.37005120	173.01064835558
118686.32220606	175.94106435519
120073.29536321	178.16639121631
121476.47674471	180.52339116380
122896.05576053	183.40526997310
124332.22403410	185.09605544818
125785.17542814	187.74696234754
127255.10607089	190.31480935880
128742.21438252	192.36222304413
130246.70110197	194.81107560682
131768.76931402	198.07478452599
133308.62447670	200.17077293091
134866.47444903	203.51391843234
136442.52951909	206.13937208815
138037.00243238	207.98359041585
139650.10842057	211.85667488273
141282.06523051	214.63741760074
142933.09315368	217.47914839083
144603.41505587	220.21208973505
146293.25640731	223.31208945029
148002.84531306	226.20128955518
149732.41254385	229.36954589893
151482.19156718	232.53115621819
153252.41857888	235.77818311033
155043.33253498	239.15802681713
156855.17518393	242.89794318856
158688.19109929	246.60014577741
160542.62771270	250.24924795406
162418.73534731	252.31388348896
164316.76725155	257.14062106263
166236.97963332	260.75623768699
168179.63169457	265.75736912231
170144.98566631	268.90960763860
172133.30684397	273.98938032204
174144.86362326	276.27668905225
176179.92753636	282.14119102171
178238.77328858	284.24608000205
180321.67879545	289.06513312068
182428.92522024	294.68878646478
184560.79701190	299.33102499424
186717.58194346	304.26765689702
188899.57115089	308.50604241331
191107.05917236	313.18990001902
193340.34398804	319.18858779478
195599.72706033	324.34283078434
197885.51337449	330.34832811679
200198.01147989	334.40781655811
202537.53353159	340.01738255269
204904.39533252	346.55302791246
207298.91637609	351.33292116272
209721.41988934	357.56199757302
212172.23287653	363.24732460884
214651.68616332	370.32194107771
217160.11444141	376.69405582270
219697.85631371	382.53059520615
222265.25434008	389.79772265685
224862.65508353	397.12029923183
227490.40915703	403.98762262776
230148.87127080	411.95924181260
232838.40028026	419.21031914475
235559.35923441	426.94280957645
238312.11542484	435.62501554529
241097.04043534	442.65667175424
243914.51019205	452.69709627757
246764.90501418	461.39084971270
249648.60966538	469.88210824524
252566.01340566	480.40766416783
255517.51004393	489.90610099638
258503.49799119	500.42357915012
261524.38031425	510.13316870141
264580.56479020	520.27972120303
267672.46396144	533.08606023008
270800.49519132	544.03758591226
273965.08072056	556.93169018846
277166.64772416	567.86912813612
280405.62836914	582.52487426720
283682.45987281	595.95252479444
286997.58456184	610.95081444192
290351.44993195	625.22789082899
293744.50870829	642.12576326505
297177.21890660	658.40202396658
300650.04389500	675.79942685593
304163.45245654	693.64018733390
307717.91885249	712.97477686086
311313.92288638	732.39569041308
314951.94996872	753.00954014049
318632.49118254	775.00707395139
322356.04334971	797.77938999612
326123.10909797	821.52817212633
329934.19692877	849.43407046521
333789.82128597	875.90615311658
337690.50262520	903.31480579735
341636.76748418	934.64435558301
345629.14855376	968.51650412041
349668.18474985	1005.1756011711
353754.42128613	1042.1357100103
357888.40974768	1084.9598721764
362070.70816545	1129.4981504125
366301.88109152	1174.9008544058
370582.49967538	1223.3200639042
374913.14174098	1279.2190299788
379294.39186475	1342.6490587300
383726.84145450	1413.2817120864
388211.08882926	1485.3981479520
392747.73930004	1566.2134681693
397337.40525154	1657.4315477643
401980.70622481	1755.2974468301
406678.26900087	1880.0768709426
411430.72768535	2009.9143059066
416238.72379406	2152.0845653041
421102.90633957	2318.2260784712
426023.93191887	2555.2977521225
431002.46480192	2797.0961050479
436039.17702142	3109.1675758491
441134.74846344	3461.8215405090
446289.86695923	3939.8919220096
451505.22837807	4487.1484821039
456781.53672119	5388.1461633765
462119.50421682	6592.0477622974
467519.85141629	8560.1942800863
472983.30729135	11763.580892185
478510.60933253	19425.197067500
484102.50364871	29478.373327346
489759.74506782	26530.219182534
495483.09723876	14904.807090510
501273.33273443	10635.840229308
507131.23315608	7570.3413059670
513057.58923875	6103.3026234187
519053.20095808	4972.7465770245
525118.87763823	4317.0813762256
531255.43806117	3746.6557912332
537463.71057717	3310.5614408677
543744.53321665	2993.4229708815
550098.75380330	2684.4177044065
556527.23006848	2450.5292983876
563030.82976705	2277.4542654174
569610.43079450	2102.0958517997
576266.92130542	1965.1060750511
583001.19983342	1835.2909005773
589814.17541242	1720.5460488915
596706.76769934	1619.7889170986
603679.90709823	1537.6997631360
610734.53488590	1459.6322370123
617871.60333897	1375.8411897818
625092.07586237	1327.4116706626
632396.92711944	1257.5961324503
639787.14316347	1209.5541037292
647263.72157081	1152.8668801138
654827.67157554	1106.8099593299
662480.01420566	1066.7115698622
670221.78242097	1024.7558433310
678054.02125247	991.94036068427
685977.78794345	955.93226433943
693994.15209215	923.20475399357
702104.19579621	894.34655251273
710309.01379872	864.99781153430
718609.71363593	837.35693038745
727007.41578686	809.62680596453
735503.25382445	786.69155694188
744098.37456865	766.00945089650
752793.93824118	744.01578395705
761591.11862214	723.43240066455
770491.10320852	702.79558231499
779495.09337440	683.99270258540
788604.30453319	668.72127787032
797819.96630166	650.21090890784
807143.32266595	633.88560127482
816575.63214944	620.35603988277
826118.16798269	604.74068728646
835772.21827529	590.54359139917
845539.08618970	578.44183392283
855420.09011721	564.50253450324
865416.56385589	551.24541174014
875529.85679062	540.29867432000
885761.33407523	528.03089904078
896112.37681683	516.63817446680
906584.38226217	505.88686302616
917178.76398629	495.61237323428
927896.95208333	485.28585879605
938740.39335957	475.42344135101
949710.55152872	465.64438525765
960808.90740952	457.73857621851
972036.95912560	448.06738349378
983396.22230774	439.97054059835
994888.23029842	431.46541145667
1006514.5343588	423.48758998409
1018276.7038783	415.55279324798
1030176.3265861	408.38665365139
1042215.0087656	399.88234800968
1054394.3754716	393.13415358244
1066716.0707490	386.21751829280
1079181.7578554	379.28956500868
1091793.1194849	372.94947130087
1104551.8579961	366.54696282693
1117459.6956410	360.07315896603
1130518.3747983	354.06321470355
1143729.6582079	347.99379573672
1157095.3292092	341.89829484242
1170617.1919819	336.54074615793
1184297.0717894	330.93452327232
1198136.8152250	325.35354892987
1212138.2904617	320.38964804965
1226303.3875038	315.14701017058
1240634.0184423	310.16781191370
1255132.1177130	305.43237850519
1269799.6423576	300.00658738407
1284638.5722879	295.40493702171
1299650.9105530	290.81680684849
1314838.6836096	286.35801186446
1330203.9415959	281.74804345708
1345748.7586079	277.52955875984
1361475.2329796	273.44338399769
1377385.4875663	269.35684982264
1393481.6700310	265.16330737073
1409765.9531344	260.88984470576
1426240.5350282	257.19616491405
1442907.6395516	253.15163408564
1459769.5165320	249.68759039735
1476828.4420882	245.95210988060
1494086.7189377	242.32615026555
1511546.6767078	238.83699038269
1529210.6722500	235.36928517186
1547081.0899578	231.89604929388
1565160.3420890	228.36895573986
1583450.8690913	225.26659502213
1601955.1399311	222.02749794964
1620675.6524277	218.58401746825
1639614.9335897	215.55616152082
1658775.5399568	212.57651158462
1678160.0579440	209.39429528468
1697771.1041918	206.46402738034
1717611.3259184	203.58566155308
1737683.4012778	200.57649233555
1757990.0397210	197.88317860663
1778533.9823615	195.01152796213
1799318.0023459	192.34500895731
1820344.9052277	189.59995016737
1841617.5293461	186.95419479973
1863138.7462096	184.43987439708
1884911.4608830	181.78751363628
1906938.6123798	179.24380742794
1929223.1740592	176.65788155585
1951768.1540267	174.34654088350
1974576.5955412	171.94270236570
1997651.5774248	169.46245707468
2020996.2144791	167.11704753427
2044613.6579053	164.84361006962
2068507.0957298	162.50620325410
2092679.7532341	160.33279018093
2117134.8933908	158.14439022766
2141875.8173036	155.88727630934
2166905.8646529	153.76049928983
2192228.4141470	151.69410649467
2217846.8839776	149.55478202692
2243764.7322819	147.35387287030
2269985.4576088	145.47547229594
2296512.5993913	143.47952147910
2323349.7384246	141.43978505671
2350500.4973491	139.46620128240
2377968.5411395	137.58335306150
2405757.5775995	135.62604296075
2433871.3578625	133.67948496394
2462313.6768977	131.85510465957
2491088.3740224	130.00933268778
2520199.3334204	128.17581747097
2549650.4846662	126.38453083227
2579445.8032556	124.58587412206
2609589.3111419	122.79371982861
2640085.0772795	121.08599734213
2670937.2181724	119.37662101991
2702149.8984304	117.61977214658
2733727.3313312	115.95192175735
2765673.7793888	114.23695352682
2797993.5549293	112.61706360273
2830691.0206727	111.01388864443
2863770.5903221	109.42546561286
2897236.7291590	107.81330908781
2931093.9546467	106.34722002967
2965346.8370395	104.78886791770
3000000.0000000	103.36596747316
3035058.1212231	101.94249680938
3070525.9330675	100.56371893093
3106408.2231943	99.274735645603
3142709.8352134	97.962625362324
3179435.6693374	96.764626029011
3216590.6830430	95.535020870810
3254179.8917402	94.341528761588
3292208.3694490	93.070128662715
3330681.2494850	91.769122355777
3369603.7251517	90.449623550936
3408981.0504418	89.104982308328
3448818.5407464	87.790281939991
3489121.5735725	86.407517378087
3529895.5892687	85.114939323838
3571146.0917599	83.755661656542
3612878.6492900	82.452440603700
3655098.8951738	81.160182458957
3697812.5285570	79.881351473137
3741025.3151859	78.594343140233
3784743.0881854	77.326491492569
3828971.7488468	76.106541379767
3873717.2674238	74.865275180800
3918985.6839390	73.663367094176
3964783.1089987	72.441092584776
4011115.7246183	71.244003348213
4057989.7850562	70.093776906302
4105411.6176585	68.886239720821
4153387.6237128	67.751866611011
4201924.2793124	66.614673469707
4251028.1362306	65.484172597106
4300705.8228049	64.346609195077
4350964.0448319	63.236215249188
4401809.5864723	62.109304109655
4453249.3111669	61.044041207005
4505290.1625628	59.941483127741
4557939.1654510	58.867521797625
4611203.4267144	57.804892649767
4665090.1362872	56.736666538007
4719606.5681255	55.688516071400
4774760.0811891	54.636828222075
4830558.1204350	53.599593676935
4887008.2178222	52.557738138993
4944117.9933286	51.539962600223
5001895.1559791	50.513911186758
5060347.5048870	49.521257185365
5119482.9303062	48.502521182331
5179309.4146964	47.490784564472
5239835.0338006	46.529983541567
5301067.9577353	45.513931458978
5363016.4520935	44.539107161274
5425688.8790599	43.559250493161
5489093.6985403	42.602587068658
5553239.4693032	41.640314465841
5618134.8501352	40.689440986125
5683788.6010098	39.796095490967
5750209.5842701	38.870499572274
5817406.7658248	37.991945049552
5885389.2163583	37.079296859631
5954166.1125558	36.180081337745
6023746.7383414	35.281766260954
6094140.4861315	34.372282572107
6165356.8581027	33.449444543439
6237405.4674745	32.552146726392
6310296.0398067	31.657341096919
6384038.4143125	30.762610735097
6458642.5451866	29.880891780483
6534118.5029486	28.965774711768
6610476.4758029	28.067036998876
6687726.7710134	27.165531552247
6765879.8162952	26.247306760016
6844946.1612221	25.336541470636
6924936.4786508	24.430954836086
7005861.5661612	23.524827383667
7087732.3475142	22.615115926943
7170559.8741263	21.726292426126
7254355.3265613	20.824763245929
7339130.0160394	19.916927180139
7424895.3859644	19.021222837689
7511663.0134678	18.113307064166
7599444.6109723	17.192112670946
7688252.0277723	16.274732720486
7778097.2516336	15.365315330333
7868992.4104113	14.430816243648
7960949.7736874	13.499165799091
8053981.7544265	12.562326786741
8148100.9106517	11.611123160281
8243319.9471397	10.645837606204
8339651.7171357	9.6685672467261
8437109.2240885	8.6850487065634
8535705.6234055	7.6846261484597
8635454.2242290	6.7089494886880
8736368.4912323	5.8527175421565
8838462.0464375	5.3332941490651
8941748.6710542	5.6118945634865
9046242.3073398	7.3262334055574
9151957.0604814	9.7522077311380
9258907.2004998	10.262974268887
9367107.1641762	8.5789099326492
9476571.5570001	6.4992898996490
9587315.1551418	4.7503904497230
9699352.9074463	3.3559876351444
9812699.9374514	2.3547316398774
9927371.5454293	1.9572478635776
10043383.210452	2.3093757774865
10160750.592479	3.0870197306650
10279489.534475	4.0252030509751
10399616.064546	5.0175353202611
10521146.398101	6.0292562589887
10644096.940045	7.0482337974432
10768484.286990	8.0890793857696
10894325.229497	9.1360875781371
11021636.754344	10.200331733565
11150436.046815	11.268180027580
11280740.493021	12.362160925876
11412567.682252	13.477140630905
11545935.409342	14.602481684930
11680861.677081	15.763477479564
11817364.698636	16.938826622877
11955462.900017	18.149126036960
12095174.922559	19.368665536768
12236519.625443	20.612578987498
12379516.088236	21.849678347335
12524183.613471	23.049826743444
12670541.729251	24.124238670183
12818610.191887	25.036300629358
12968408.988560	25.810635433071
13119958.340024	26.580069970786
13273278.703333	27.412796579612
13428390.774603	28.163101188663
13585315.491806	28.590549564438
13744074.037595	28.610019355242
13904687.842165	28.587316003189
14067178.586145	28.876211759701
14231568.203525	29.662843572571
14397878.884617	30.822002854516
14566133.079048	32.181211161789
14736353.498794	33.657235554813
14908563.121243	35.189959305105
15082785.192299	36.750784713929
15259043.229517	38.334265003627
15437361.025280	39.934435913626
15617762.650010	41.560412660660
15800272.455416	43.191916432134
15984915.077783	44.850028644656
16171715.441296	46.529263791175
16360698.761405	48.252507291609
16551890.548229	50.032070865320
16745316.610000	51.844163240764
16941003.056544	53.688282973856
17138976.302810	55.583931916352
17339263.072432	57.554019219345
17541890.401336	59.550826355598
17746885.641394	61.622528816377
17954276.464110	63.702436982922
18164090.864361	65.767298731400
18376357.164172	67.917554962889
18591104.016539	70.255519950924
18808360.409300	72.671337263838
19028155.669046	75.253373426551
19250519.465079	77.947681243332
19475481.813417	80.778208907869
19703073.080849	83.667746596237
19933323.989028	86.467614318676
20166265.618623	89.343447794901
20401929.413515	92.516316053223
20640347.185037	95.976119533807
20881551.116271	99.679313105943
21125573.766391	103.44068182086
21372448.075061	107.17976951887
21622207.366878	110.82510230075
21874885.355872	114.10959946084
22130516.150055	117.58905949053
22389134.256028	121.69126891797
22650774.583637	126.37144977425
22915472.450688	131.73973401282
23183263.587708	137.62343202247
23454184.142777	143.98237306234
23728270.686400	150.81500680581
24005560.216446	158.25838782683
24286090.163145	166.50488473611
24569898.394137	175.41884365870
24857023.219585	184.39451399776
25147503.397344	194.45053266341
25441378.138199	205.08322659273
25738687.111150	216.13191304561
26039470.448772	227.29881355198
26343768.752632	240.86002919773
26651623.098767	258.34470620341
26963075.043230	279.27072005518
27278166.627702	302.70338371898
27596940.385161	330.42488844445
27919439.345632	365.08523730673
28245707.041985	406.57567376801
28575787.515822	456.42091791991
28909725.323415	520.70982904893
29247565.541720	601.73805838561
29589353.774468	701.76834044008
29935136.158315	823.77365161863
30284959.369071	954.46987725497
30638870.628004	1073.1943348892
30996917.708210	1120.8677545118
31359148.941062	1044.2037326000
31725613.222739	882.50187733398
32096360.020820	729.01664505805
32471439.380964	627.72145127974
32850901.933666	570.01085858029
33234798.901093	548.79079074484
33623182.103993	523.35220249157
34016103.968697	481.69054906904
34413617.534188	433.54174649677
34815776.459268	388.47709499947
35222635.029797	353.40138061777
35634248.166021	329.84452208640
36050671.429988	316.20386675096
36471961.033044	308.68203475391
36898173.843425	297.21281642899
37329367.393930	278.90236815893
37765599.889690	255.85974404313
38206930.216023	235.52695173377
38653417.946382	219.64009028956
39105123.350400	209.15760186026
39562107.402021	203.17805723228
40024431.787735	200.19680659582
40492158.914903	197.88978012467
40965351.920178	195.94209326986
41444074.678033	194.21024602705
41928391.809381	191.86435390422
42418368.690296	189.05990705579
42914071.460840	185.14685805363
43415567.033991	179.23766754622
43922923.104674	171.47127497374
44436208.158901	163.77933216250
44955491.483011	156.57680151981
45480843.173030	149.95755707140
46012334.144127	143.57229415182
46550036.140189	137.30318836200
47094021.743504	131.41086592221
47644364.384560	126.06485067380
48201138.351958	121.08942551539
48764418.802437	115.90533676206
49334281.771021	110.61178873421
49910804.181283	105.88150382421
50494063.855727	102.67537878315
51084139.526295	102.19129907058
51681110.844992	103.43547480178
52285058.394643	103.57259602507
52896063.699762	100.90242560727
53514209.237567	96.604951630414
54139578.449104	92.282762836961
54772255.750517	88.592364720487
55412326.544439	85.404513144376
56059877.231523	82.250719348760
56714995.222102	78.615715865472
57377768.947991	74.813932108852
58048287.874421	70.871968252505
58726642.512121	66.679367944818
59412924.429527	63.601072456689
60107226.265151	61.363742723426
60809641.740081	63.095941802542
61520265.670634	73.272595595824
62239193.981155	88.913171952111
62966523.716962	96.215552536908
63702353.057452	95.219518000880
64446781.329348	90.585557349210
65199909.020110	85.100263717060
65961837.791498	80.222546249585
66732670.493297	76.369903809396
67512511.177196	73.224920159206
68301465.110839	70.278928156679
69099638.792031	67.505943661129
69907139.963113	64.815618235518
70724077.625510	62.327410125676
71550562.054440	60.052814366417
72386704.813803	57.976940158754
73232618.771238	55.961725889173
74088418.113362	53.987002503592
74954218.361178	52.117909913444
75830136.385675	50.446937746842
76716290.423601	49.068788103598
77612800.093421	48.171916672094
78519786.411469	48.386298945533
79437371.808278	49.182705789299
80365680.145113	48.741797007685
81304836.730682	47.258941922120
82254968.338059	45.523382283768
83216203.221793	43.820801675689
84188671.135220	42.211331396958
85172503.347978	40.687704076592
86167832.663729	39.270799014352
87174793.438082	37.955602176243
88193521.596734	36.715623050391
89224154.653812	35.518571384302
90266831.730441	34.358865070652
91321693.573519	33.186615141544
92388882.574720	32.054156504395
93468542.789712	30.982295264560
94560819.957603	29.997781316614
95665861.520614	29.051101427155
96783816.643983	28.114608640557
97914836.236098	27.131317889053
99059072.968867	26.039046147062
100216681.29833	24.893236806269
101387817.48551	23.739451864480
102572639.61750	22.582131313281
103771307.62879	21.549305059674
104983983.32291	20.686203536763
106210830.39418	20.064459517722
107452014.44990	19.811575725593
108707703.03266	19.667609641789
109978065.64292	19.417292390590
111263273.76199	19.494074704405
112563500.87507	19.850896411286
113878922.49473	20.053875953778
115209716.18459	19.994572775973
116556061.58328	19.583578325866
117918140.42871	19.116525845333
119296136.58256	18.786267815251
120690236.05515	18.700768046114
122100627.03051	18.887488337124
123527499.89179	19.220281533860
124971047.24699	18.355378487671
126431463.95491	17.038380388148
127908947.15150	16.579943648774
129403696.27642	15.312829612979
130915913.10001	15.681467576599
132445801.75051	14.738525765618
133993568.74160	13.804641133689
135559423.00029	12.797855170540
137143575.89512	11.637653268409
138746241.26469	10.482562629356
140367635.44652	9.3985760717409
142007977.30629	8.3595759185254
143667488.26731	7.3998681504937
145346392.34047	6.4716811560815
147044916.15448	5.5329239547249
148763288.98641	4.6477053201832
150501742.79269	3.9251295344479
152260512.24040	3.6276058008320
154039834.73894	3.9536931914725
155839950.47210	4.6709743507432
157661102.43045	5.5253080719952
159503536.44418	6.4902522473416
161367501.21624	7.5498436545316
163253248.35594	8.9615882149884
165161032.41292	9.7868358074469
167091110.91148	8.7418124614658
169043744.38536	7.3069573404657
171019196.41292	6.5309708621320
173017733.65269	5.4750769911586
175039625.87941	4.1171380787144
177085146.02039	3.2317362749420
179154570.19239	3.1620722809895
181248177.73888	3.7871794786153
183366251.26777	4.7256440300701
185509076.68949	5.5945634342153
187676943.25568	6.1174834175222
189870143.59817	6.5176440017403
192088973.76847	7.2052843595142
194333733.27781	8.0586163850119
196604725.13747	8.8836339450084
198902255.89978	9.7149441471302
201226635.69941	10.630027294557
203578178.29530	11.618347370840
205957201.11299	12.688398962737
208364025.28746	13.824258234630
210798975.70648	15.018226202535
213262381.05449	16.055637523652
215754573.85694	16.623320681988
218275890.52518	17.496833644806
220826671.40189	18.716610154990
223407260.80699	20.173806463802
226018007.08416	21.615747662026
228659262.64781	22.713642608679
231331384.03072	23.184552157748
234034731.93207	24.226605816493
236769671.26624	26.014379519082
239536571.21198	27.769562820319
242335805.26229	28.988179237366
245167751.27482	29.336555690698
248032791.52288	29.996989938836
250931312.74706	29.960690346362
253863706.20738	29.214438274303
256830367.73617	27.074630407441
259831697.79147	25.718764667983
262868101.51106	25.739749462131
265939988.76722	23.052669962441
269047774.22198	20.614508426688
272191877.38315	20.053437667669
275372722.66090	20.594929935590
278590739.42509	21.054129612684
281846362.06323	21.718175338737
285140030.03907	21.959305148211
288472187.95196	22.296159579880
291843285.59687	24.260101143278
295253778.02508	24.200864346560
298704125.60561	23.215743178251
302194794.08739	22.388854403902
305726254.66209	22.001380027848
309298984.02778	22.054232873010
312913464.45319	22.565115479580
316570183.84291	23.538170021820
320269635.80317	24.914570141580
324012319.70853	26.368815284068
327798740.76925	27.808238055352
331629410.09947	29.264555239539
335504844.78628	30.710732164196
339425567.95944	32.145031959031
343392108.86202	33.522450602049
347405002.92188	34.606360913795
351464791.82386	35.354914158591
355572023.58301	36.593603384714
359727252.61845	38.287134469818
363931039.82831	39.850461974247
368183952.66536	39.046123477058
372486565.21368	38.913637941421
376839458.26610	40.328905383780
381243219.40262	41.868905291185
385698443.06973	43.388796934491
390205730.66063	44.906872710182
394765690.59645	46.438672150538
399378938.40834	47.994637561744
404046096.82057	49.615720345772
408767795.83460	51.350211453876
413544672.81410	53.214465324092
418377372.57100	55.245631640341
423266547.45254	57.690316616198
428212857.42930	60.715350396547
433216970.18432	57.889320041688
438279561.20320	56.337461074831
443401313.86530	61.796392640470
448582919.53596	61.147003683588
453825077.65987	55.423318935671
459128495.85544	55.716254692163
464493890.01034	57.675655939319
469921984.37814	59.435848910619
475413511.67605	61.408251678341
480969213.18387	63.945711807812
486589838.84401	66.443695118058
492276147.36272	68.762170849698
498028906.31256	71.201902202883
503848892.23594	73.944808410846
509736890.74999	76.925824482685
515693696.65260	80.167352621977
521720114.02968	83.784234943839
527816956.36375	87.929041909375
533985046.64370	92.533763100643
540225217.47589	97.536912427920
546538311.19658	101.78168593746
552925179.98559	109.72641317102
559386685.98134	118.02410789596
565923701.39726	122.19288326827
572537108.63947	112.91213138024
579227800.42595	95.116226568391
585996679.90700	80.673019799006
592844660.78718	68.515719924953
599772667.44864	76.830148982428
606781635.07588	83.320370267744
613872509.78204	93.678294386664
621046248.73654	104.79453780612
628303820.29433	116.28535432053
635646204.12661	130.21881987956
643074391.35305	149.70119558598
650589384.67557	174.35902120407
658192198.51372	127.48864174571
665883859.14159	83.617685967715
673665404.82637	106.58220322395
681537885.96845	132.00255669578
689502365.24326	159.68363903635
697559917.74471	191.82078037809
705711631.13028	183.82730978320
713958605.76786	159.24831537484
722301954.88430	253.07539877388
730742804.71565	307.39374212829
739282294.65921	222.35657341387
747921577.42730	220.22742821564
756661819.20292	290.17504911173
765504199.79710	204.85802686294
774449912.80820	119.88495463993
783500165.78303	85.300818409457
792656180.37982	53.827885871776
801919192.53317	36.655999968409
811290452.62083	21.400878716414
820771225.63255	17.161494638892
830362791.34079	22.929289785009
840066444.47346	31.719094350095
849883494.88874	35.531023187239
859815267.75186	35.079091495657
869863103.71398	41.538755513243
880028359.09316	49.283730009522
890312406.05746	55.536883149746
900716632.81014	55.380621530724
911242443.77706	59.767570458750
921891259.79626	63.243450164193
932664518.30976	67.013420318823
943563673.55757	70.669952672378
954590196.77402	74.691613021344
965745576.38633	77.881856808797
977031318.21555	81.956135712847
988448945.67982	89.771358386895
1000000000.0000	87.752785186960
